drwxr-xr-x   2 4716549  15010        8192 Jan  5  2015 01
drwxr-xr-x   2 4716549  15010       20480 Feb 11  2015 02
drwxr-xr-x   2 4716549  15010        4096 Feb 28  2015 03
drwxr-xr-x   2 4716549  15010        4096 Mar 31  2015 04
drwxr-xr-x   2 4716549  15010        4096 Apr 30  2015 05
drwxr-xr-x   2 4716549  15010        4096 Jun 21  2015 06
drwxr-xr-x   2 4716549  15010        8192 Jul 26  2015 07
drwxr-xr-x   2 4716549  15010        4096 Aug  3  2015 08
drwxr-xr-x   2 4716549  15010        4096 Aug 31  2015 09
drwxr-xr-x   2 4716549  15010        4096 Oct 18  2015 10
drwxr-xr-x   2 4716549  15010        4096 Oct 31  2015 11
drwxr-xr-x   2 4716549  15010       40960 Apr 18  2016 12
